Claimed exploitation Type,Female,Male,Total,2012 - 2013 Change
Adult - Domestic Servitude,125,16,141,18%
Adult - Labour Exploitation,124,387,511,89%
Adult - Sexual Exploitation,563,18,581,53%
Adult - Unknown exploitation,42,20,62,44%
Minor - Domestic Servitude,37,8,45,2%
Minor - Labour Exploitation,33,90,123,24%
Minor - Sexual Exploitation (non-UK national),78,10,88,11%
Minor - Sexual Exploitation (UK national),50,6,56,155%
Minor - Unknown exploitation type,69,69,138,9%
Unknown age & Unknown exploitation type,1,0,1,No Change
Total,1122,624,1746,